runtime_version=11.0.0-alpha.1.26064.118
sdk_version=11.0.100-alpha.1.26064.118
sdk_version_prefix=11.0.100
sdk_version_suffix=alpha.1.26064.118
sdk_major_version=11
sdk_minor_version=0
OFFICIAL_BUILD_ID=20260114.18
