runtime_version=11.0.0-preview.5.26229.113
sdk_version=11.0.100-preview.5.26229.113
sdk_version_prefix=11.0.100
sdk_version_suffix=preview.5.26229.113
sdk_major_version=11
sdk_minor_version=0
OFFICIAL_BUILD_ID=20260429.13
